2
3
3
3
3
3
3
3
3
3
3
3
3
3
3
4
4
4
4
4
4
4
4
4
4
4
5
5
5
5
5
5
5
5
5
5
6
6
6
6
6
6
6
7
7
7
7
7
7
7
8
8
8
8
8
8
9
9
9
9
9
10
10
10
10
10
11
11
11
11
12
12
12
12
13
13
13
13
14
14
14
15
15
15
15
16
16
16
17
17
17
18
18
19
19
19
20
20
21
21
21
22
22
23
23
24
24
25
25
26
26
27
27
28
29
29
30
30
31
32
32
33
34
34
35
36
36
37
38
39
40
40
41
42
43
44
45
46
46
47
48
49
50
51
52
54
55
56
57
58
59
60
62
63
64
65
67
68
70
71
72
74
75
77
78
80
82
83
85
87
89
90
92
94
96
98
100
102
104
106
108
110
113
115
117
120
122
124
127
130
132
135
138
140
143
146
149
152
155
158
162
165
168
172
175
179
182
186
190
193
197
201
205
209
214
218
222
227
231
236
241
246
251
256
261
266
272
277
283
288
294
300
306
312
319
325
331
338
345
352
359
366
374
381
389
397
405
413
421
429
438
447
456
465
474
484
494
503
514
524
534
545
556
567
579
590
602
614
626
639
652
665
678
691
705
719
734
748
763
779
794
810
826
843
860
877
894
912
930
949
968
987
1006
1027
1047
1068
1089
1111
1133
1155
1178
1201
1225
1250
1274
1300
1325
1352
1378
1406
1433
1462
1490
1520
1550
1580
1612
1643
1676
1709
1742
1777
1811
1847
1883
1920
1958
1996
2035
2075
2116
2157
2199
2242
2286
2330
2376
2422
2469
2517
2566
2616
2666
2718
2771
2824
2879
2934
2991
3048
3107
3167
3228
3290
3353
3417
3482
3549
3617
3686
3756
3827
3900
3974
4049
4126
4204
4283
4364
4446
4530
4615
4701
4790
4879
4970
5063
5157
5253
5350
5449
5550
5653
5757
5863
5970
6080
6191
6304
6419
6536
6654
6775
6897
7022
7148
7277
7407
7539
7674
7810
7949
8090
8233
8378
8525
8674
8826
8980
9136
9294
9455
9618
9783
9951
10121
10293
10468
10645
10825
11007
11191
11378
11567
11759
11953
12150
12349
12551
12755
12962
13171
13383
13597
13814
14033
14255
14479
14706
14935
15167
15402
15638
15878
16120
16364
16611
16860
17112
17366
17622
17881
18142
18406
18672
18940
19210
19483
19758
20035
20314
20596
20879
21165
21452
21742
22033
22327
22622
22919
23218
23519
23821
24125
24431
24738
25047
25357
25669
25982
26296
26611
26928
27246
27565
27885
28205
28527
28850
29173
29497
29822
30147
30473
30799
31126
31453
31780
32107
32435
32763
33090
33418
33745
34072
34399
34726
35052
35378
35703
36028
36352
36675
36998
37320
37640
37960
38279
38597
38914
39229
39543
39856
40168
40478
40787
41094
41400
41704
42006
42307
42606
42903
43198
43492
43783
44073
44360
44646
44929
45211
45490
45767
46042
46315
46585
46853
47119
47383
47644
47903
48159
48413
48665
48914
49161
49405
49647
49887
50123
50358
50590
50819
51046
51270
51492
51711
51928
52142
52354
52563
52770
52974
53176
53375
53572
53766
53958
54147
54334
54518
54700
54880
55057
55232
55404
55574
55742
55907
56070
56231
56389
56545
56699
56851
57000
57147
57292
57435
57576
57715
57851
57986
58118
58248
58377
58503
58628
58750
58871
58989
59106
59221
59334
59445
59555
59662
59768
59872
59975
60076
60175
60272
60368
60462
60555
60646
60735
60824
60910
60995
61079
61161
61242
61321
61399
61476
61551
61625
61698
61769
61839
61908
61976
62043
62108
62172
62235
62297
62358
62418
62477
62534
62591
62646
62701
62754
62807
62859
62909
62959
63008
63056
63103
63149
63195
63239
63283
63326
63368
63409
63450
63490
63529
63567
63605
63642
63678
63714
63748
63783
63816
63849
63882
63913
63945
63975
64005
64035
64063
64092
64119
64147
64173
64200
64225
64251
64275
64300
64324
64347
64370
64392
64414
64436
64457
64478
64498
64519
64538
64557
64576
64595
64613
64631
64648
64665
64682
64699
64715
64731
64746
64762
64777
64791
64806
64820
64834
64847
64860
64873
64886
64899
64911
64923
64935
64946
64958
64969
64980
64991
65001
65011
65022
65031
65041
65051
65060
65069
65078
65087
65096
65104
65112
65120
65128
65136
65144
65151
65159
65166
65173
65180
65187
65194
65200
65206
65213
65219
65225
65231
65237
65242
65248
65253
65259
65264
65269
65274
65279
65284
65289
65294
65298
65303
65307
65311
65316
65320
65324
65328
65332
65335
65339
65343
65346
65350
65353
65357
65360
65363
65367
65370
65373
65376
65379
65382
65385
65387
65390
65393
65395
65398
65401
65403
65405
65408
65410
65412
65415
65417
65419
65421
65423
65425
65427
65429
65431
65433
65435
65436
65438
65440
65442
65443
65445
65447
65448
65450
65451
65453
65454
65455
65457
65458
65460
65461
65462
65463
65465
65466
65467
65468
65469
65470
65471
65473
65474
65475
65476
65477
65478
65479
65479
65480
65481
65482
65483
65484
65485
65485
65486
65487
65488
65489
65489
65490
65491
65491
65492
65493
65493
65494
65495
65495
65496
65496
65497
65498
65498
65499
65499
65500
65500
65501
65501
65502
65502
65503
65503
65504
65504
65504
65505
65505
65506
65506
65506
65507
65507
65508
65508
65508
65509
65509
65509
65510
65510
65510
65510
65511
65511
65511
65512
65512
65512
65512
65513
65513
65513
65513
65514
65514
65514
65514
65515
65515
65515
65515
65515
65516
65516
65516
65516
65516
65517
65517
65517
65517
65517
65517
65518
65518
65518
65518
65518
65518
65518
65519
65519
65519
65519
65519
65519
65519
65520
65520
65520
65520
65520
65520
65520
65520
65520
65520
65521
65521
65521
65521
65521
65521
65521
65521
65521
65521
65521
65522
65522
65522
65522
65522
65522
65522
65522
65522
65522
65522
65522
65522
65522